%YAML:1.0
---
camera_matrix: !!opencv-matrix
   rows: 3
   cols: 3
   dt: d
   data: [ 1.4253851151309150e+03, 0., 9.6007201738122205e+02, 0.,
       1.4710154431610524e+03, 5.8293076078814829e+02, 0., 0., 1. ]
dist_coeff: !!opencv-matrix
   rows: 1
   cols: 5
   dt: d
   data: [ 1.0064936549606193e-01, -5.2900824657999594e+00,
       -1.2071754900123570e-02, 9.2020914077464606e-03,
       5.0744569861166397e+01 ]
